0.05 0.065277
0.06 0.38354
0.1 0.95642
0.14 0.16845
0.16 0.77286
0.17 0.56077
0.24 0.98822
0.3 1.4257
0.31 1.2972
0.37 1.6962
0.39 1.7579
0.4 2.0038
0.41 1.6657
0.44 1.8282
0.46 1.9307
0.48 1.8215
0.5 2.1521
0.54 2.2669
0.55 1.8843
0.62 1.9169
0.63 2.027
0.68 2.2397
0.69 2.4661
0.7 2.0761
0.71 2.2125
0.72 2.297
0.74 2.3255
0.75 1.9112
0.76 2.0957
0.86 2.2457
0.87 2.023
0.89 2.1044
0.92 2.0142
0.95 2.1453
0.97 1.9459
0.98 1.7218
1.04 1.5899
1.07 1.6953
1.12 1.7752
1.16 1.5806
1.19 1.6633
1.2 1.4266
1.23 1.1435
1.24 1.3178
1.27 1.2937
1.34 1.4532
1.38 1.2254
1.4 1.1675
1.41 0.89794
1.42 1.2962
1.46 0.90019
1.48 1.1469
1.49 0.84053
1.5 1.135
1.52 1.2229
1.56 0.98916
1.65 1.0429
1.67 1.0308
1.68 1.2692
1.73 0.85463
1.74 0.77959
1.77 1.1306
1.79 1.0736
1.8 1.2869
1.85 1.2091
1.86 1.4115
1.87 1.3387
1.89 1.0217
1.9 1.0888
1.91 1.2425
1.92 1.2476
1.93 1.2829
1.94 1.4358
1.95 1.2224
2.03 1.6541
2.06 1.8049
2.08 1.8599
2.09 1.6579
2.11 1.7411
2.14 1.8164
2.18 1.9651
2.19 1.8573
2.21 2.0821
2.26 2.156
2.27 2.3096
2.3 2.0949
2.31 1.9864
2.35 2.0675
2.36 2.0571
2.38 2.37
2.4 2.4193
2.41 2.2017
2.44 2.0403
2.45 2.474
2.47 2.079
2.5 1.9698
2.53 2.1453
2.54 2.053
2.56 2.207
2.61 1.7732
2.64 1.6734
2.65 1.8293
2.66 1.7561
2.7 1.7189
2.72 1.673
2.73 1.7789
2.75 1.6314
2.77 1.4799
2.78 1.6592
2.8 1.6249
2.81 1.853
2.85 1.3047
2.87 1.3468
2.89 1.2402
2.9 1.1389
2.93 0.52705
2.94 0.94122
3 0.829
3.01 0.90336
3.08 0.09049
3.15 0.080485
3.16 -0.035551
3.2 -0.3445
3.21 -0.38194
3.23 -0.4787
3.25 -0.38938
3.26 -0.6783
3.27 -0.66319
3.29 -0.84975
3.3 -0.57282
3.35 -0.73381
3.37 -1.3114
3.45 -1.7999
3.5 -1.4757
3.51 -1.428
3.52 -1.7621
3.58 -1.8184
3.59 -1.5137
3.6 -1.8472
3.62 -1.9513
3.63 -1.8283
3.66 -1.9976
3.67 -2.0499
3.68 -2.2717
3.69 -2.184
3.7 -2.1211
3.73 -2.0092
3.74 -2.2184
3.75 -1.8076
3.77 -2.3167
3.81 -2.2963
3.82 -2.2775
3.84 -2.2637
3.87 -2.1157
3.89 -2.2658
3.9 -2.2601
3.93 -2.2452
3.94 -2.2294
3.95 -1.9377
3.96 -2.0015
3.99 -2.4504
4 -1.9994
4.02 -2.3032
4.04 -1.9876
4.07 -2.2776
4.13 -1.9902
4.15 -1.7938
4.16 -1.8797
4.17 -1.9752
4.2 -1.6523
4.22 -1.3734
4.24 -1.278
4.25 -1.5424
4.27 -1.3939
4.28 -1.4327
4.33 -1.3195
4.34 -1.291
4.39 -1.1256
4.42 -1.2869
4.44 -0.88649
4.49 -1.3028
4.51 -1.1094
4.54 -1.0169
4.57 -1.1788
4.67 -0.96943
4.68 -0.81054
4.69 -0.9467
4.7 -0.89305
4.71 -0.88269
4.74 -1.0155
4.75 -1.0668
4.76 -1.0606
4.78 -0.80928
4.79 -1.0558
4.81 -0.9267
4.82 -1.1562
4.89 -1.2839
4.9 -1.2131
4.91 -1.0934
4.98 -1.0151
