-0.995 -0.431 -7.4212
-0.995 0.196 -9.5964
-0.992 -0.319 -7.6982
-0.987 0.533 -10.192
-0.987 0.938 -11.773
-0.985 -0.029 -8.4623
-0.984 -0.045 -9.1789
-0.984 0.052 -9.4946
-0.983 -0.155 -8.768
-0.982 -0.823 -6.5756
-0.979 -0.14 -9.3499
-0.979 0.001 -9.8797
-0.977 0.051 -9.2171
-0.975 0.555 -11.195
-0.974 0.108 -8.8045
-0.973 0.777 -10.112
-0.972 -0.389 -7.4159
-0.97 0.803 -11.46
-0.967 0.276 -9.5364
-0.967 0.64 -10.695
-0.964 -0.055 -8.5262
-0.961 -0.833 -6.4724
-0.96 -0.854 -6.2259
-0.96 0.662 -10.612
-0.958 -0.048 -9.0792
-0.954 -0.73 -7.4987
-0.95 -0.683 -7.3004
-0.95 -0.405 -9.0662
-0.949 -0.406 -7.8266
-0.948 -0.382 -9.267
-0.947 0.664 -11.761
-0.946 -0.891 -8.1371
-0.944 -0.723 -7.2408
-0.944 -0.645 -7.732
-0.944 -0.531 -7.8796
-0.943 -0.151 -9.1197
-0.942 -0.237 -9.2409
-0.938 0.305 -10.595
-0.937 -0.45 -8.7129
-0.937 0.816 -12.271
-0.933 0.59 -10.789
-0.932 0.953 -13.127
-0.931 0.377 -11.629
-0.929 -0.793 -6.8971
-0.928 -0.916 -7.8355
-0.928 -0.693 -8.0865
-0.927 -0.078 -10.051
-0.927 0.759 -12.354
-0.926 0.049 -10.456
-0.925 0.223 -9.1753
-0.925 0.751 -13.467
-0.924 -0.519 -9.6536
-0.923 -0.224 -9.2482
-0.918 0.982 -13.574
-0.916 -0.864 -8.7476
-0.916 -0.005 -9.7887
-0.916 0.368 -11.812
-0.913 -0.889 -7.8076
-0.909 -0.763 -7.8858
-0.907 0.548 -10.716
-0.906 -0.314 -10.12
-0.903 0.686 -11.768
-0.902 -0.388 -9.1895
-0.899 0.267 -10.402
-0.898 -0.057 -10.41
-0.896 -0.621 -8.7057
-0.896 -0.295 -8.655
-0.895 -0.071 -10.213
-0.894 0.568 -11.674
-0.893 -0.351 -10.012
-0.887 0.388 -11.437
-0.886 -0.814 -8.0845
-0.885 -0.987 -7.2326
-0.881 0.174 -10.584
-0.88 -0.893 -7.348
-0.879 -0.1 -10.16
-0.875 0.788 -12.324
-0.874 0.535 -12.435
-0.872 -0.116 -10.74
-0.871 -0.459 -9.6597
-0.868 -0.697 -8.5066
-0.868 -0.149 -10.148
-0.867 0.495 -11.179
-0.865 -0.161 -10.849
-0.865 0.101 -11.811
-0.865 0.333 -11.854
-0.859 -0.107 -9.6851
-0.859 0.114 -11.213
-0.857 0.761 -13.088
-0.852 0.312 -12.102
-0.85 0.165 -11.362
-0.849 -0.19 -9.7804
-0.849 0.057 -10.997
-0.839 0.264 -11.802
-0.838 -0.118 -10.436
-0.838 0.781 -12.141
-0.836 0.9 -13.52
-0.835 -0.729 -8.853
-0.833 0.7 -12.185
-0.833 0.983 -13.396
-0.83 -0.904 -8.773
-0.829 -0.619 -8.7612
-0.829 -0.529 -9.4808
-0.827 -0.098 -9.9531
-0.826 -0.567 -9.0226
-0.826 -0.49 -9.3349
-0.826 0.147 -11.338
-0.825 0.227 -10.979
-0.823 -0.193 -10.236
-0.821 0.259 -11.045
-0.82 -0.929 -8.1603
-0.82 0.445 -12.233
-0.819 -0.924 -8.2973
-0.818 -0.48 -10.174
-0.818 -0.418 -9.7554
-0.817 0.491 -12.075
-0.817 0.503 -11.26
-0.816 0.671 -12.293
-0.813 -0.876 -8.2367
-0.81 -0.479 -9.9302
-0.807 -0.496 -8.9299
-0.806 -0.174 -10.372
-0.802 0.351 -11.902
-0.801 0.512 -12.978
-0.8 -0.232 -11.411
-0.798 0.096 -9.9351
-0.795 0.824 -12.59
-0.792 -0.091 -10.932
-0.792 0.178 -10.147
-0.79 -0.711 -8.8079
-0.787 -0.402 -8.4532
-0.783 -0.091 -10.548
-0.777 -0.163 -9.9799
-0.776 0.552 -11.517
-0.776 0.97 -13.304
-0.772 -0.914 -8.5673
-0.77 -0.162 -9.0622
-0.769 0.003 -9.9855
-0.769 0.998 -13.056
-0.759 -0.143 -8.9923
-0.758 -0.387 -9.7779
-0.758 0.687 -10.931
-0.755 0.944 -11.928
-0.754 0.764 -11.8
-0.753 -0.387 -9.5402
-0.753 -0.189 -10.164
-0.753 -0.104 -10.924
-0.75 -0.89 -8.211
-0.75 -0.575 -8.3741
-0.749 -0.079 -9.4756
-0.747 -0.801 -8.0171
-0.742 -0.906 -8.2158
-0.742 0.69 -12.043
-0.739 -0.539 -9.0155
-0.737 -0.121 -9.7194
-0.734 -0.646 -8.1927
-0.734 0.419 -11.333
-0.734 0.516 -9.9835
-0.734 0.655 -12.487
-0.727 -0.718 -7.5502
-0.726 -0.003 -8.7664
-0.722 0.791 -11.729
-0.721 -0.622 -8.2375
-0.72 -0.338 -8.8433
-0.717 -0.072 -9.016
-0.717 0.113 -10.274
-0.715 0.264 -10.034
-0.712 -0.128 -8.7206
-0.712 0.737 -11.035
-0.71 -0.859 -7.4282
-0.709 0.989 -12.126
-0.707 0.51 -10.527
-0.705 0.378 -10.703
-0.703 0.468 -10.394
-0.702 0.552 -9.9674
-0.697 -0.597 -7.9248
-0.696 0.977 -9.5578
-0.695 -0.692 -7.1666
-0.695 0.845 -10.828
-0.694 -0.361 -7.9189
-0.694 -0.227 -8.1838
-0.694 0.523 -9.1741
-0.691 0.224 -9.3633
-0.691 0.458 -9.5931
-0.69 -0.697 -7.5584
-0.687 -0.407 -7.5529
-0.684 -0.789 -6.0294
-0.684 -0.506 -7.7584
-0.682 -0.595 -7.3517
-0.68 -0.654 -6.3607
-0.679 -0.48 -7.6064
-0.678 -0.635 -6.473
-0.674 0.487 -8.3277
-0.674 0.699 -10.367
-0.674 0.736 -9.8876
-0.669 0.681 -9.302
-0.662 0.899 -10.348
-0.655 -0.332 -6.3784
-0.655 -0.082 -8.5726
-0.655 0.821 -9.3919
-0.654 0.073 -8.0347
-0.649 -0.547 -7.0861
-0.648 0.885 -8.8855
-0.645 0.666 -8.8634
-0.644 -0.874 -5.2954
-0.644 0.084 -7.7102
-0.642 -0.448 -6.231
-0.637 0.2 -6.8042
-0.637 0.57 -7.3096
-0.632 -0.065 -6.1667
-0.63 0.702 -7.8499
-0.625 0.124 -7.0241
-0.625 0.401 -7.6859
-0.622 0.731 -7.9169
-0.621 -0.442 -5.9656
-0.621 0.064 -6.4457
-0.621 0.972 -8.0881
-0.619 -0.939 -4.7177
-0.612 -0.152 -6.0891
-0.611 0.52 -6.6981
-0.61 0.912 -9.6767
-0.609 0.256 -6.1649
-0.607 -0.431 -5.6446
-0.601 -0.345 -4.3257
-0.6 -0.098 -5.9022
-0.598 -0.559 -4.6856
-0.597 -0.178 -5.4834
-0.595 0.874 -6.9053
-0.594 -0.471 -4.4221
-0.593 0.619 -6.476
-0.59 -0.04 -6.2451
-0.588 0.532 -7.4478
-0.587 -0.487 -4.1357
-0.583 0.859 -6.4544
-0.581 0.976 -7.3639
-0.579 -0.197 -4.806
-0.578 -0.607 -2.9498
-0.576 0.732 -7.3199
-0.576 0.87 -7.1748
-0.574 0.072 -4.6191
-0.565 0.055 -5.0677
-0.563 -0.543 -3.1406
-0.562 0.691 -5.718
-0.56 0.617 -4.9344
-0.558 0.373 -6.3251
-0.557 -0.701 -3.4451
-0.555 -0.08 -4.6351
-0.555 0.089 -4.5398
-0.554 0.738 -6.3651
-0.553 -0.977 -2.4782
-0.552 0.779 -6.1911
-0.551 -0.604 -3.2283
-0.547 -0.272 -4.4514
-0.545 -0.727 -2.2053
-0.535 -0.642 -2.7145
-0.534 0.513 -5.5808
-0.533 0.879 -5.1338
-0.529 -0.293 -2.7904
-0.526 -0.506 -2.7599
-0.517 0.849 -3.2763
-0.514 0.225 -4.1044
-0.509 0.217 -3.9461
-0.508 -0.077 -3.8179
-0.507 0.88 -4.29
-0.506 0.181 -3.4081
-0.504 -0.737 -2.6759
-0.504 -0.134 -2.7625
-0.501 -0.19 -2.9268
-0.496 -0.765 -2.3728
-0.496 0.505 -4.6859
-0.493 0.959 -3.7399
-0.491 -0.593 -2.5583
-0.486 -0.568 -2.4431
-0.481 0.897 -3.09
-0.48 -0.261 -2.4275
-0.48 0.942 -4.0503
-0.479 -0.302 -3.741
-0.476 0.58 -3.0518
-0.475 -0.1 -2.2162
-0.471 -0.029 -2.6953
-0.471 0.818 -3.8903
-0.471 0.897 -3.4383
-0.468 -0.048 -3.5354
-0.467 -0.892 -1.2831
-0.461 -0.796 -2.0408
-0.459 -0.039 -2.5464
-0.455 0.144 -3.3594
-0.454 -0.507 -1.2839
-0.454 0.118 -3.2547
-0.452 -0.123 -3.1018
-0.452 0.329 -1.7402
-0.451 -0.889 -1.1883
-0.45 -0.584 -1.6548
-0.448 0.42 -3.227
-0.448 0.629 -2.683
-0.447 -0.355 -1.6772
-0.445 -0.827 -1.8789
-0.441 0.089 -2.5117
-0.441 0.661 -2.873
-0.439 -0.563 -1.5757
-0.434 0.294 -2.4033
-0.434 0.655 -3.5664
-0.424 -0.985 -1.1959
-0.424 -0.413 -2.4006
-0.423 0.364 -2.9751
-0.414 -0.385 -1.2486
-0.414 -0.278 -2.0228
-0.41 -0.702 -1.1349
-0.409 0.321 -3.1092
-0.409 0.976 -3.9688
-0.408 -0.28 -1.6425
-0.406 0.833 -4.3068
-0.402 0.346 -3.0637
-0.401 -0.287 -2.4444
-0.401 0.976 -4.2667
-0.4 0.35 -2.823
-0.395 -0.231 -2.171
-0.393 -0.405 -1.3834
-0.392 -0.357 -2.0834
-0.384 -0.761 -1.3384
-0.384 0.603 -2.5546
-0.382 0.1 -1.0166
-0.38 0.075 -1.8112
-0.378 -0.869 -1.3999
-0.378 0.55 -2.5266
-0.371 0.56 -2.64
-0.37 -0.607 -1.9482
-0.37 0.358 -1.7768
-0.368 0.665 -3.8031
-0.36 0.565 -2.8268
-0.357 0.702 -3.1245
-0.352 -0.428 -2.0564
-0.345 0.554 -2.8048
-0.344 -0.56 -1.9008
-0.344 0.347 -2.7383
-0.339 -0.262 -1.747
-0.334 -0.304 -3.1789
-0.333 -0.398 -1.4198
-0.332 -0.725 -1.8506
-0.331 0.025 -3.2023
-0.328 -0.439 -2.6188
-0.327 -0.603 -2.0242
-0.327 0.139 -3.2752
-0.327 0.297 -3.8374
-0.326 -0.616 -2.2005
-0.326 -0.273 -2.1809
-0.323 -0.705 -2.2354
-0.322 -0.953 -1.2858
-0.321 0.599 -3.4213
-0.318 -0.594 -2.0381
-0.316 -0.439 -2.213
-0.316 0.412 -2.4492
-0.312 0.515 -3.8997
-0.309 -0.1 -2.9228
-0.307 -0.369 -2.3973
-0.306 0.03 -2.311
-0.306 0.115 -3.0303
-0.305 -0.176 -1.5257
-0.304 0.838 -3.5791
-0.3 -0.847 -1.9663
-0.3 0.904 -4.6994
-0.299 0.57 -3.2529
-0.299 0.954 -3.2928
-0.294 0.811 -3.1418
-0.292 0.063 -2.1815
-0.291 0.092 -3.2706
-0.29 -0.839 -2.2713
-0.285 0.414 -3.2134
-0.283 0.457 -3.5433
-0.282 -0.476 -2.3058
-0.282 0.959 -4.0685
-0.278 0.773 -2.9239
-0.276 -0.684 -2.4506
-0.275 0.425 -3.9725
-0.273 -0.108 -2.5941
-0.273 0.667 -4.1417
-0.272 0.814 -2.8445
-0.271 -0.295 -3.376
-0.271 0.816 -6.0461
-0.27 -0.725 -2.1766
-0.268 -0.925 -1.5215
-0.267 0.486 -3.7291
-0.265 -0.866 -1.4525
-0.263 0.699 -4.1531
-0.261 -0.646 -2.6876
-0.258 -0.551 -3.0946
-0.251 0.429 -4.0819
-0.246 -0.009 -3.0154
-0.245 -0.945 -1.6142
-0.244 0.274 -3.8707
-0.243 0.388 -3.619
-0.235 0.397 -3.7639
-0.23 -0.987 -2.5633
-0.226 0.759 -4.5161
-0.224 0.243 -3.8653
-0.218 0.646 -2.9157
-0.217 -0.6 -2.123
-0.217 -0.048 -2.8149
-0.215 -0.222 -2.9815
-0.213 -0.607 -2.3562
-0.212 -0.356 -2.603
-0.21 0.316 -4.0111
-0.207 0.353 -3.8516
-0.203 -0.3 -2.6526
-0.198 0.251 -2.9599
-0.198 0.696 -3.4065
-0.197 -0.53 -3.4908
-0.193 -0.04 -3.2776
-0.193 -0.007 -3.5065
-0.187 0.255 -4.0831
-0.185 -0.66 -2.8808
-0.182 -1 -2.2505
-0.182 0.587 -4.6085
-0.181 -0.698 -2.5893
-0.18 0.634 -2.4581
-0.179 0.681 -3.3899
-0.176 -0.331 -3.2498
-0.169 -0.261 -3.2868
-0.169 0.797 -4.1129
-0.165 -0.496 -2.7833
-0.164 0.164 -3.7818
-0.163 0.957 -2.5874
-0.162 -0.643 -3.0637
-0.161 0.93 -2.2439
-0.16 0.629 -2.0386
-0.159 0.705 -2.9651
-0.158 0.369 -2.29
-0.152 -0.897 -2.7964
-0.152 0.815 -3.1422
-0.149 -0.281 -3.7664
-0.149 0.406 -3.9578
-0.148 -0.997 -1.8137
-0.148 -0.946 -2.5641
-0.146 -0.195 -2.4443
-0.146 0.768 -1.8474
-0.141 -0.246 -1.8631
-0.14 -0.619 -2.687
-0.139 0.608 -2.6512
-0.137 0.442 -3.8608
-0.137 0.565 -2.9153
-0.135 -0.18 -1.5921
-0.134 0.704 -2.5957
-0.133 0.461 -4.1527
-0.129 -0.347 -2.4524
-0.129 0.575 -2.9979
-0.125 0.5 -2.6019
-0.125 0.7 -3.998
-0.124 0.573 -3.0467
-0.121 0.356 -2.4708
-0.119 -0.907 -1.0349
-0.119 -0.63 -1.6867
-0.116 -0.411 -2.0071
-0.115 -0.445 -0.39319
-0.115 0.952 -3.7098
-0.114 0.368 -3.5304
-0.112 0.153 -2.3129
-0.111 -0.08 -1.1445
-0.108 -0.858 -1.7918
-0.106 -0.987 -1.6993
-0.105 0.169 -2.4985
-0.101 -0.111 -1.9509
-0.098 0.632 -2.1558
-0.095 -0.196 -1.8241
-0.094 0.036 -1.5621
-0.092 -0.047 -1.0824
-0.09 -0.628 -1.4059
-0.089 0.653 -1.2856
-0.087 0.466 -0.76635
-0.086 0.968 -2.1344
-0.084 0.986 -0.95007
-0.082 0.146 -1.2974
-0.082 0.148 -2.7806
-0.08 -0.097 -1.4912
-0.08 0.082 -1.4854
-0.076 -0.541 -0.94361
-0.076 -0.153 -0.8288
-0.075 -0.666 -0.54062
-0.072 -0.692 -1.3702
-0.072 -0.172 -0.83997
-0.071 -0.443 0.16601
-0.07 0.551 0.47104
-0.069 -0.978 -1.1519
-0.067 -0.283 -1.1908
-0.065 -0.175 -1.3012
-0.064 -0.506 -0.56638
-0.062 -0.189 -0.6299
-0.06 -0.742 -0.51848
-0.059 0.969 0.30277
-0.057 -0.696 -0.81508
-0.055 -0.902 -0.59495
-0.052 0.829 0.1836
-0.047 0.132 -0.21612
-0.041 -0.41 -0.62362
-0.041 -0.383 -0.84534
-0.041 0.852 -0.30122
-0.038 0.264 0.85994
-0.036 0.572 0.49035
-0.033 -0.521 0.024655
-0.031 0.854 -0.03593
-0.029 -0.504 -0.01447
-0.026 -0.409 0.34276
-0.024 -0.336 -0.072132
-0.023 0.04 1.7744
-0.023 0.675 -1.4045
-0.015 -0.504 0.66449
-0.015 0.105 1.3898
-0.013 -0.792 -0.87304
-0.013 -0.75 0.38911
-0.012 -0.225 0.52221
-0.008 -0.284 0.62945
-0.008 -0.229 1.3063
-0.001 0.943 1.7752
0.001 0.84 2.0148
0.002 0.515 0.96203
0.009 0.762 0.96212
0.01 -0.23 0.53829
0.01 -0.223 0.4308
0.011 -0.259 -0.064921
0.011 0.053 1.8459
0.011 0.069 1.2417
0.013 -0.793 0.71789
0.014 -0.429 1.7434
0.015 0.317 1.1133
0.016 -0.594 1.3301
0.02 0.935 3.1901
0.023 -0.224 1.2249
0.024 0.501 1.1241
0.029 -0.85 2.1843
0.033 -0.174 0.87412
0.035 -0.395 1.5974
0.041 -0.914 2.3075
0.041 -0.493 2.9538
0.041 -0.146 1.8711
0.043 -0.946 2.8813
0.046 0.359 1.629
0.046 0.4 1.4444
0.05 -0.659 2.1193
0.054 0.19 2.0187
0.057 -0.591 3.3143
0.059 -0.458 2.1728
0.061 0.727 2.8712
0.062 -0.809 2.4797
0.065 -0.446 2.11
0.067 -0.721 2.5005
0.068 0.85 3.7053
0.073 -0.998 3.3017
0.073 -0.439 3.0427
0.074 -0.358 3.7554
0.074 0.758 3.2584
0.075 0.375 2.6728
0.083 -0.134 3.0518
0.083 0.334 3.4557
0.087 0.054 2.9331
0.088 0.153 2.7489
0.09 -0.683 3.7748
0.09 -0.588 3.2048
0.094 -0.755 3.3045
0.098 -0.639 3.2524
0.098 0.565 3.5303
0.1 0.522 4.654
0.102 -0.976 3.1889
0.105 -0.988 2.4478
0.107 -0.793 3.1578
0.107 0.659 4.0927
0.115 0.165 5.0105
0.116 0.389 3.8662
0.117 -0.472 3.6499
0.117 0.491 4.1268
0.119 0.856 2.9529
0.121 -0.486 4.4273
0.125 -0.718 4.1093
0.125 0.976 4.5492
0.132 0.952 3.7765
0.135 -0.258 3.6026
0.138 -0.999 4.4262
0.139 -0.047 3.6509
0.14 -0.401 5.0832
0.141 -0.009 4.4878
0.141 0.066 4.1055
0.141 0.279 5.5466
0.142 0.419 3.9301
0.144 -0.996 3.9501
0.144 0.359 5.3547
0.145 -0.95 3.3253
0.145 -0.872 3.7899
0.152 0.054 4.4483
0.156 0.611 4.7023
0.158 -0.747 4.2672
0.159 -0.11 4.308
0.16 0.341 4.2803
0.166 0.584 4.965
0.17 0.001 4.264
0.17 0.13 4.4712
0.173 0.484 3.78
0.177 -0.172 4.4703
0.179 0.994 5.6924
0.186 0.032 4.5511
0.187 0.028 4.978
0.189 -0.437 5.0254
0.194 0.654 4.5439
0.195 -0.639 3.5746
0.195 -0.148 4.1798
0.197 -0.706 5.013
0.197 -0.001 5.436
0.2 -0.6 3.9448
0.201 0.984 4.9862
0.203 -0.75 4.9816
0.205 0.614 4.0808
0.206 -0.364 4.272
0.206 0.839 4.7121
0.21 0.336 4.901
0.211 -0.939 3.6958
0.212 0.872 4.9536
0.213 -0.956 4.6929
0.213 -0.17 4.8977
0.215 0.919 5.6799
0.216 0.476 4.47
0.216 0.55 4.4761
0.218 0.952 5.5722
0.219 0.668 5.1414
0.22 -0.179 4.7949
0.22 0.609 4.0082
0.221 -0.071 5.4078
0.221 0.939 4.5916
0.23 -0.379 4.8703
0.233 0.009 4.9369
0.236 0.079 5.5426
0.236 0.936 6.2923
0.239 -0.163 4.3489
0.241 -0.737 3.7297
0.243 -0.957 3.4091
0.243 0.475 4.1665
0.246 0.95 5.9545
0.256 -0.007 4.3119
0.258 0.834 5.4222
0.26 -0.506 2.9182
0.26 -0.238 4.2606
0.261 -0.776 3.6091
0.261 -0.626 3.2791
0.261 0.362 3.8008
0.263 -0.028 4.5077
0.263 -0.01 4.0148
0.264 -0.031 4.9104
0.266 -0.686 3.9424
0.268 -0.312 4.8244
0.27 -0.088 3.2276
0.27 0.417 4.6898
0.271 -0.869 3.6194
0.273 0.811 3.9715
0.274 0.12 4.2777
0.277 0.152 4.3017
0.279 -0.331 3.9147
0.279 -0.331 3.9147
0.283 -0.15 4.0488
0.283 0.625 4.1266
0.287 -0.675 3.1168
0.288 -0.502 3.8317
0.293 0.386 3.5726
0.295 -0.899 2.9016
0.297 -0.82 2.5722
0.298 -0.464 3.6879
0.299 -0.645 2.4185
0.305 0.557 3.5231
0.316 -0.73 2.2616
0.316 0.151 4.4862
0.317 0.693 4.6433
0.323 -0.303 3.524
0.323 0.078 2.8322
0.329 0.126 4.2416
0.331 0.299 4.838
0.331 0.448 2.5996
0.333 -0.831 2.5812
0.333 0.646 4.5278
0.338 -0.391 3.0327
0.344 0.721 5.1326
0.345 0.026 2.647
0.346 -0.944 1.4365
0.346 -0.36 2.6395
0.346 0.277 3.4908
0.353 0.184 3.4006
0.358 -0.779 1.6926
0.358 0.393 3.5354
0.358 0.621 4.1419
0.36 0.875 4.0737
0.361 -0.888 1.527
0.363 -0.632 1.8471
0.366 -0.439 2.2276
0.366 0.949 3.1971
0.367 -0.713 1.1265
0.369 0.801 3.2928
0.371 -0.669 2.2429
0.371 -0.13 2.6758
0.373 0.171 2.862
0.375 -0.083 2.0217
0.375 0.167 2.9627
0.377 -0.082 2.535
0.378 0.709 2.777
0.379 -0.184 3.1641
0.381 0.427 3.6669
0.382 -0.179 1.0694
0.383 0.402 2.5488
0.384 0.803 2.6391
0.387 -0.277 2.142
0.388 -0.846 1.3408
0.394 -0.86 0.90478
0.395 0.969 2.5925
0.396 0.444 3.5322
0.398 0.668 3.8434
0.403 -0.392 1.3976
0.416 0.641 3.8905
0.419 -0.722 1.8868
0.42 0.36 2.1317
0.422 -0.533 1.5905
0.427 -0.159 2.0275
0.427 0.615 2.5646
0.429 -0.855 0.73948
0.429 -0.176 0.42136
0.431 -0.488 1.1394
0.437 -0.415 1.4217
0.438 -0.217 1.7241
0.44 -0.906 0.84731
0.442 0.646 3.7834
0.447 -0.78 1.0983
0.448 0.75 3.8579
0.453 -0.023 2.4048
0.454 -0.443 1.5176
0.454 -0.323 1.9782
0.456 0.927 3.2677
0.457 0.879 2.559
0.458 0.159 2.2731
0.458 0.182 3.2792
0.459 0.475 2.543
0.464 0.149 2.4306
0.464 0.22 2.6036
0.466 0.432 3.1008
0.467 0.675 2.9147
0.468 -0.24 2.0367
0.471 0.24 3.3136
0.477 0.465 3.2085
0.48 -0.65 0.7808
0.484 0.269 2.2725
0.485 -0.757 1.2175
0.485 -0.712 1.992
0.486 0.519 3.0304
0.493 -0.915 1.1353
0.497 -0.436 1.8674
0.497 0.391 2.0146
0.5 -0.203 2.1452
0.501 0.066 2.3035
0.506 -0.802 1.4963
0.51 0.704 4.1591
0.511 -0.074 2.6975
0.514 -0.094 2.0537
0.516 0.028 2.4907
0.516 0.731 5.1023
0.517 0.377 2.8943
0.518 0.838 2.755
0.518 0.922 4.5217
0.522 0.245 2.9355
0.525 0.724 4.4859
0.525 0.94 4.0946
0.526 -0.696 2.0535
0.526 -0.162 3.1923
0.526 0.029 3.1156
0.527 -0.771 1.378
0.527 -0.469 1.9922
0.532 -0.915 0.3502
0.532 -0.313 1.9418
0.534 0.848 4.2152
0.535 0.979 5.3441
0.537 -0.783 1.9262
0.538 -0.053 3.2367
0.539 -0.471 2.872
0.539 0.454 3.3447
0.54 0.607 5.2106
0.543 0.776 3.3605
0.544 0.615 4.1965
0.546 0.942 5.4197
0.549 0.471 3.5445
0.55 -0.317 3.7821
0.55 0.267 4.7249
0.553 -0.393 2.2422
0.555 -0.698 1.8862
0.556 -0.295 2.9401
0.557 -0.145 2.9102
0.562 -0.745 3.0954
0.562 0.861 4.4042
0.563 0.847 5.8872
0.564 0.13 4.6648
0.571 0.905 3.902
0.572 0.071 4.2522
0.576 0.241 4.1972
0.577 0.078 2.9751
0.578 0.236 4.4421
0.579 -0.974 1.8828
0.584 0.799 5.1951
0.586 -0.822 1.3684
0.586 0.852 6.663
0.587 0.695 5.6439
0.588 -0.756 2.0725
0.59 0.482 5.4614
0.591 0.868 6.349
0.594 0.104 4.8022
0.596 0.081 4.5718
0.596 0.566 4.0744
0.599 -0.916 2.3019
0.601 0.719 5.0042
0.604 -0.214 4.8201
0.605 0.87 3.7354
0.607 -0.246 3.8096
0.607 -0.141 4.5662
0.611 -0.729 3.2389
0.611 0.9 6.3824
0.612 -0.033 3.5259
0.612 0.316 4.3589
0.621 0.307 4.3811
0.626 -0.906 3.217
0.635 0.227 5.6759
0.638 -0.232 4.8876
0.639 -0.887 3.3696
0.641 0.721 7.3068
0.643 -0.827 4.1107
0.643 -0.818 3.3706
0.647 -0.81 3.6025
0.647 0.568 5.7453
0.648 0.589 6.8533
0.649 -0.53 5.245
0.651 -0.664 3.1636
0.651 0.116 5.6177
0.653 -0.782 3.9297
0.656 -0.657 4.1703
0.658 0.666 5.5566
0.661 -0.88 3.148
0.663 0.449 6.861
0.666 -0.153 6.1356
0.666 0.793 6.3868
0.667 0.342 6.2319
0.67 -0.776 4.2105
0.671 0.769 7.5376
0.675 0.547 6.99
0.678 0.329 6.4357
0.686 0.984 8.3551
0.687 0.68 7.49
0.692 -0.586 4.3803
0.692 0.222 7.9992
0.697 0.442 6.8995
0.699 0.368 7.1554
0.7 -0.053 6.4233
0.703 -0.204 5.5987
0.705 -0.363 5.2431
0.706 0.463 8.1693
0.707 -0.837 4.8889
0.71 -0.103 5.6386
0.711 0.497 8.7839
0.712 -0.483 5.4264
0.713 0.814 7.9314
0.721 -0.354 5.5817
0.725 0.392 9.151
0.727 -0.108 7.3794
0.731 -0.592 5.8217
0.734 0.555 7.9812
0.736 -0.858 5.3659
0.74 0.091 8.2484
0.74 0.329 6.2653
0.741 -0.763 5.3612
0.741 0.037 7.22
0.744 0.593 8.7342
0.747 0.955 9.9934
0.753 0.648 9.4021
0.753 0.671 8.0173
0.754 -0.082 7.4793
0.754 0.45 8.4305
0.755 -0.183 6.4678
0.755 0.316 9.0615
0.757 -0.052 6.9864
0.758 0.487 9.4671
0.761 -0.051 6.7081
0.762 -0.607 5.593
0.764 0.998 9.5763
0.767 0.378 8.0158
0.768 0.023 7.4843
0.769 -0.64 5.6959
0.772 -0.608 5.8388
0.775 -0.311 6.9985
0.778 -0.113 6.5632
0.779 0.017 6.2483
0.782 0.205 8.319
0.783 -0.862 5.4144
0.787 -0.125 7.8328
0.788 0.131 7.6693
0.788 0.295 7.7554
0.789 0.595 10.248
0.789 0.927 10.469
0.79 0.018 7.1657
0.792 -0.753 6.1624
0.796 -0.128 6.9894
0.796 0.856 9.8276
0.8 -0.971 5.6165
0.808 -0.521 5.9736
0.81 0.872 9.5983
0.811 0.932 8.319
0.812 -0.261 7.7379
0.819 -0.943 4.5602
0.823 -0.695 5.4098
0.824 -0.554 6.5507
0.83 0.03 7.0018
0.832 -0.678 5.7546
0.832 -0.567 6.5416
0.834 0.78 9.2008
0.836 0.315 8.4522
0.838 -0.551 6.4393
0.838 -0.378 7.684
0.838 0.65 10.718
0.84 -0.481 6.4011
0.84 0.361 8.5478
0.841 -0.364 6.7281
0.841 0.813 9.5254
0.846 0.151 6.4727
0.847 -0.129 7.6075
0.852 0.932 9.4101
0.853 0.178 8.5357
0.855 -0.939 5.7208
0.858 0.884 9.4777
0.859 -0.452 6.6885
0.859 0.046 7.2354
0.863 0.279 8.5536
0.865 -0.663 5.5666
0.866 0.901 10.334
0.867 -0.331 6.0131
0.868 0.031 7.6598
0.868 0.737 9.2589
0.869 -0.575 5.6939
0.869 0.311 7.9986
0.869 0.452 9.1534
0.872 -0.774 5.6169
0.873 0.633 8.862
0.874 0.75 9.4269
0.875 0.499 7.8195
0.889 0.075 7.0011
0.892 -0.572 5.3432
0.893 0.303 7.3975
0.895 -0.72 5.1749
0.897 -0.079 7.013
0.897 0.485 8.7306
0.898 0.696 8.968
0.9 -0.082 5.9806
0.904 0.222 9.0144
0.906 0.935 9.1707
0.909 -0.903 4.865
0.909 0.772 8.7943
0.91 -0.093 7.2079
0.912 -0.793 4.3815
0.915 0.959 9.0699
0.922 0.13 7.5247
0.923 -0.187 5.4203
0.923 0.127 7.3592
0.924 0.741 8.3285
0.925 0.329 8.0134
0.926 -0.655 5.1697
0.928 0.497 7.1691
0.929 0.274 6.7255
0.93 -0.762 4.6024
0.93 -0.265 5.9756
0.931 0.882 9.7046
0.932 0.197 7.5161
0.932 0.529 8.2695
0.934 -0.581 4.9734
0.934 -0.391 5.5003
0.935 0.917 9.5422
0.935 0.979 10.849
0.938 0.3 6.6959
0.94 0.752 8.8475
0.945 -0.125 6.6057
0.948 0.498 8.181
0.948 0.502 8.7021
0.95 0.531 7.9074
0.951 0.404 8.7049
0.952 -0.831 3.5988
0.961 -0.895 4.1198
0.964 0.499 7.1886
0.966 -0.121 6.5833
0.968 -0.238 5.0176
0.974 -0.056 5.158
0.976 -0.851 3.8045
0.978 -0.344 5.6379
0.98 -0.03 7.3787
0.98 0.977 8.1799
0.982 -0.1 5.6538
0.982 0.465 7.379
0.984 -0.682 3.2263
0.985 0.733 8.4751
0.986 0.217 8.1668
0.988 0.141 5.7393
0.988 0.722 7.699
0.99 -0.446 3.4811
0.99 -0.407 4.7391
0.995 0.78 9.0252
0.996 -0.448 3.4838
0.998 -0.984 2.8721
1 0.316 7.0128
